0.0,0.9904629664117184,0.8247204753855139,0.29952196194763614,0.8022419947930113,0.12232543328306433,0.10795321710033057,0.4616967466958388
0.9904629664117184,0.0,0.15496774751196452,0.6553106425874596,0.10728650715116561,0.7394748934755992,0.6355520569252459,0.36376397696244833
0.8247204753855139,0.15496774751196452,0.0,0.02975557994541822,0.8862112662635893,0.9457539208113793,0.840891517266935,0.2568631374640351
0.29952196194763614,0.6553106425874596,0.02975557994541822,0.0,0.41593409666653225,0.5970580650384342,0.8423428548474795,0.41555174354554325
0.8022419947930113,0.10728650715116561,0.8862112662635893,0.41593409666653225,0.0,0.8686201172428121,0.6563983023102562,0.8684476651210927
0.12232543328306433,0.7394748934755992,0.9457539208113793,0.5970580650384342,0.8686201172428121,0.0,0.44805085961041113,0.32246479186952226
0.10795321710033057,0.6355520569252459,0.840891517266935,0.8423428548474795,0.6563983023102562,0.44805085961041113,0.0,0.08578688778319599
0.4616967466958388,0.36376397696244833,0.2568631374640351,0.41555174354554325,0.8684476651210927,0.32246479186952226,0.08578688778319599,0.0
